MCUSR: 0x2
1 1598 RUN -0.07 -1823 -545 -545 0 2 80021
2 1698 RUN -0.17 -3528 -454 -454 0 2 85030
3 1798 RUN -0.08 -1837 -398 -398 0 2 90020
4 1898 RUN -0.06 -125 -365 -365 0 2 95016
5 1998 RUN -0.31 -691 -214 -214 0 2 100017
6 2098 RUN -1.28 -1552 -92 -92 0 2 105019
7 2198 RUN -1.62 -2552 -52 -52 0 2 110029
8 2298 RUN -1.33 -1105 -36 -36 0 2 115020
9 2398 RUN -4.31 27016 -18 -18 0 2 120033
10 2498 RUN 3.59 -18401 -32 -32 0 2 125035
#STAGE 1 2546: i2c=564 filter=656 ctrl=500 total=1720 us
11 2598 RUN 2.34 -21604 -30 -30 0 2 130037
12 2698 RUN 5.86 -4106 -70 -70 0 2 135032
13 2798 RUN 7.40 -1208 122 122 0 2 140031
14 2898 RUN 3.54 -2731 92 92 0 2 145032
15 2998 RUN 0.39 -4152 165 165 0 2 150036
16 3098 RUN 0.48 -3896 134 134 0 2 155036
17 3198 RUN 1.37 -3829 76 76 0 2 160032
18 3298 RUN 1.73 -3368 48 48 0 2 165032
19 3398 RUN 0.86 -2123 40 40 0 2 170029
20 3498 RUN -0.28 -5243 38 38 0 2 175029
#STAGE 2 3546: i2c=556 filter=644 ctrl=500 total=1700 us
21 3599 RUN 1.05 -3464 26 26 0 2 180036
22 3698 RUN 1.38 -1920 18 18 0 2 185026
23 3799 RUN -0.10 -4387 16 16 0 2 190032
24 3899 RUN -0.11 -2894 12 12 0 2 195034
25 3999 RUN 2.27 -4728 8 8 0 2 200030
26 4099 RUN 14.79 -7796 8 8 0 2 205033
27 4198 RUN 21.80 1458 8 8 0 2 210023
28 4298 RUN 27.80 1755 8 8 0 2 215023
29 4398 FALL 30.23 -86 0 0 0 2 219946
30 4498 FALL 23.04 -1484 0 0 0 2 224952
#STAGE 3 4546: i2c=484 filter=464 ctrl=20 total=968 us
31 4598 FALL 18.62 -1291 0 0 0 2 229953
32 4698 FALL 18.96 -1626 0 0 0 2 234952
33 4798 FALL 20.60 -440 0 0 0 2 239949
34 4898 FALL 18.29 -1885 0 0 0 2 244953
35 4998 FALL 16.30 -1979 0 0 0 2 249953
36 5098 FALL 16.29 -2825 0 0 0 2 254960
37 5198 FALL 16.20 -1864 0 0 0 2 259953
38 5298 FALL 15.91 -1695 0 0 0 2 264952
39 5398 FALL 15.47 -1810 0 0 0 2 269953
40 5498 FALL 14.96 -2128 0 0 0 2 274960
#STAGE 4 5545: i2c=484 filter=320 ctrl=24 total=828 us
41 5598 FALL 14.69 -2025 0 0 0 2 279953
42 5698 FALL 14.64 -1551 0 0 0 2 284953
43 5798 FALL 13.81 -1846 0 0 0 2 289952
44 5898 FALL 12.66 -2282 0 0 0 2 294961
45 5998 FALL 12.95 -1624 0 0 0 2 299953
46 6098 FALL 12.38 -2041 0 0 0 2 304953
47 6198 FALL 12.30 -1838 0 0 0 2 309953
48 6298 FALL 13.46 -1457 0 0 0 2 314953
49 6398 FALL 14.21 -1448 0 0 0 2 319952
50 6498 FALL 14.65 -1306 0 0 0 2 324953
#STAGE 5 6545: i2c=488 filter=316 ctrl=24 total=828 us
51 6598 FALL 14.36 -1166 0 0 0 2 329954
52 6698 FALL 13.26 -1759 0 0 0 2 334953
53 6798 FALL 14.10 -1507 0 0 0 2 339952
54 6898 FALL 14.54 -1328 0 0 0 2 344953
55 6998 FALL 15.32 -883 0 0 0 2 349949
56 7098 FALL 15.02 -528 0 0 0 2 354949
57 7198 FALL 12.16 -2208 0 0 0 2 359961
58 7298 FALL 11.58 -1845 0 0 0 2 364953
59 7398 FALL 13.24 -1537 0 0 0 2 369952
60 7498 FALL 14.35 -757 0 0 0 2 374949
#STAGE 6 7545: i2c=496 filter=324 ctrl=24 total=844 us
61 7598 FALL 14.09 -1014 0 0 0 2 379953
62 7698 FALL 13.47 -1249 0 0 0 2 384953
63 7798 FALL 13.23 -1228 0 0 0 2 389953
64 7898 FALL 12.98 -1212 0 0 0 2 394953
65 7998 FALL 12.90 -1196 0 0 0 2 399953
66 8098 FALL 13.03 -1025 0 0 0 2 404953
67 8198 FALL 12.76 -1009 0 0 0 2 409953
68 8298 FALL 12.28 -1272 0 0 0 2 414953
69 8398 FALL 12.07 -1233 0 0 0 2 419953
70 8498 FALL 11.98 -1111 0 0 0 2 424953
#STAGE 7 8545: i2c=492 filter=324 ctrl=32 total=848 us
71 8598 FALL 11.69 -1160 0 0 0 2 429953
72 8698 FALL 11.49 -1143 0 0 0 2 434953
73 8798 FALL 11.27 -1202 0 0 0 2 439953
74 8898 FALL 10.98 -1162 0 0 0 2 444953
75 8998 FALL 10.76 -1198 0 0 0 2 449953
76 9098 FALL 10.51 -1292 0 0 0 2 454953
77 9198 FALL 10.36 -1147 0 0 0 2 459953
78 9298 FALL 10.14 -1203 0 0 0 2 464953
79 9398 FALL 9.99 -1095 0 0 0 2 469949
80 9498 FALL 9.75 -1260 0 0 0 2 474950
#STAGE 8 9545: i2c=488 filter=328 ctrl=24 total=840 us
81 9598 FALL 9.55 -1144 0 0 0 2 479950
82 9698 FALL 9.35 -1175 0 0 0 2 484949
83 9798 FALL 9.12 -1184 0 0 0 2 489949
84 9898 FALL 8.89 -1266 0 0 0 2 494949
85 9998 FALL 8.78 -1128 0 0 0 2 499949
86 10098 FALL 8.66 -1189 0 0 0 2 504953
87 10198 FALL 8.36 -1154 0 0 0 2 509953
88 10298 FALL 8.11 -1177 0 0 0 2 514953
89 10398 FALL 7.66 -1210 0 0 0 2 519953
90 10498 FALL 7.38 -1307 0 0 0 2 524953
#STAGE 9 10545: i2c=484 filter=324 ctrl=20 total=828 us
91 10598 FALL 7.30 -1305 0 0 0 2 529953
92 10698 FALL 7.14 -1074 0 0 0 2 534953
93 10798 FALL 6.50 -1315 0 0 0 2 539953
94 10898 FALL 6.15 -1449 0 0 0 2 544952
95 10998 FALL 6.20 -1269 0 0 0 2 549953
96 11098 FALL 6.07 -1311 0 0 0 2 554953
97 11198 FALL 5.72 -1380 0 0 0 2 559953
98 11298 FALL 5.64 -1286 0 0 0 2 564953
99 11398 FALL 5.41 -1392 0 0 0 2 569953
100 11498 FALL 5.23 -1323 0 0 0 2 574956
#STAGE 10 11546: i2c=484 filter=324 ctrl=20 total=828 us
101 11598 FALL 5.07 -1340 0 0 0 2 579957
102 11698 FALL 4.88 -1301 0 0 0 2 584956
103 11798 FALL 4.70 -1311 0 0 0 2 589956
104 11898 FALL 4.67 -1294 0 0 0 2 594956
105 11998 FALL 4.55 -1323 0 0 0 2 599956
106 12098 FALL 4.47 -1343 0 0 0 2 604956
107 12198 FALL 4.38 -1286 0 0 0 2 609956
108 12298 FALL 4.30 -1343 0 0 0 2 614956
109 12398 FALL 4.27 -1277 0 0 0 2 619956
110 12498 FALL 4.18 -1231 0 0 0 2 624956
#STAGE 11 12546: i2c=492 filter=320 ctrl=24 total=836 us
111 12598 FALL 4.11 -1259 0 0 0 2 629956
112 12698 FALL 4.07 -1201 0 0 0 2 634956
113 12798 FALL 3.91 -1247 0 0 0 2 639956
114 12898 FALL 3.75 -1234 0 0 0 2 644956
115 12998 FALL 3.59 -1254 0 0 0 2 649956
116 13098 FALL 3.47 -1252 0 0 0 2 654956
117 13198 FALL 3.33 -1197 0 0 0 2 659956
118 13298 FALL 3.16 -1273 0 0 0 2 664956
119 13398 FALL 3.03 -1277 0 0 0 2 669956
120 13498 FALL 2.91 -1291 0 0 0 2 674956
#STAGE 12 13546: i2c=488 filter=316 ctrl=32 total=836 us
121 13598 FALL 2.83 -1194 0 0 0 2 679957
122 13698 FALL 2.66 -1250 0 0 0 2 684956
123 13798 FALL 2.56 -1243 0 0 0 2 689955
124 13898 FALL 2.48 -1219 0 0 0 2 694956
125 13998 FALL 2.26 -1272 0 0 0 2 699956
126 14098 FALL 2.09 -1312 0 0 0 2 704955
127 14198 FALL 2.06 -1204 0 0 0 2 709956
128 14298 FALL 1.85 -1243 0 0 0 2 714956
129 14398 FALL 1.59 -1488 0 0 0 2 719955
130 14498 FALL 1.17 -1239 0 0 0 2 724956
#STAGE 13 14546: i2c=484 filter=320 ctrl=24 total=828 us
131 14598 FALL 0.77 -1444 0 0 0 2 729953
132 14698 RUN 0.92 4315 167 167 0 2 735041
133 14798 RUN -0.14 -1913 370 370 0 2 740034
134 14899 RUN -0.16 -2648 255 255 0 2 745045
135 14998 RUN -0.70 -1446 355 355 0 2 750033
136 15098 RUN 0.25 -557 157 157 0 2 755031
137 15198 RUN -0.17 -1541 134 134 0 2 760035
138 15298 RUN -0.87 -1673 152 152 0 2 765035
139 15399 RUN -0.70 -2121 135 135 0 2 770046
140 15498 RUN 0.32 -693 75 75 0 2 775021
#STAGE 14 15546: i2c=560 filter=424 ctrl=496 total=1480 us
141 15598 RUN 0.22 1753 54 54 0 2 780027
142 15698 RUN -1.20 -1691 57 57 0 2 785031
143 15798 RUN -2.07 -897 64 64 0 2 790028
144 15898 RUN -2.33 -976 72 72 0 2 795027
145 15998 RUN -2.09 -1411 73 73 0 2 800032
146 16098 RUN -1.88 -1255 71 71 0 2 805032
147 16198 RUN -1.70 -888 66 66 0 2 810026
148 16298 RUN -1.94 -2072 66 66 0 2 815032
149 16398 RUN 2.04 10164 28 28 0 2 820042
150 16499 RUN 13.25 -7301 8 8 0 2 825043
#STAGE 15 16547: i2c=544 filter=676 ctrl=504 total=1724 us
151 16599 RUN 10.88 32767 8 8 0 2 830044
152 16699 RUN 28.04 -4434 8 8 0 2 835044
153 16799 RUN 25.48 -5429 8 8 0 2 840043
154 16898 RUN 28.72 119 8 8 0 2 845028
155 16998 FALL 32.18 -3468 0 0 0 2 849966
156 17098 FALL 31.30 583 0 0 0 2 854955
157 17198 FALL 30.04 -1956 0 0 0 2 859959
158 17298 FALL 30.13 -1805 0 0 0 2 864959
159 17398 FALL 31.21 -1795 0 0 0 2 869959
160 17498 FALL 33.55 -1154 0 0 0 2 874959
#STAGE 16 17546: i2c=492 filter=316 ctrl=24 total=832 us
161 17598 FALL 35.94 -359 0 0 0 2 879957
162 17698 FALL 36.34 -322 0 0 0 2 884956
163 17798 FALL 34.67 -1065 0 0 0 2 889960
164 17898 FALL 33.40 -1170 0 0 0 2 894960
165 17998 FALL 32.77 -892 0 0 0 2 899956
166 18098 FALL 31.67 -1000 0 0 0 2 904959
167 18198 FALL 28.31 -1728 0 0 0 2 909959
168 18298 FALL 24.90 -388 0 0 0 2 914956
169 18398 FALL 28.11 -883 0 0 0 2 919956
170 18498 FALL 31.56 -745 0 0 0 2 924956
#STAGE 17 18546: i2c=488 filter=312 ctrl=24 total=824 us
171 18598 FALL 33.77 -789 0 0 0 2 929956
172 18698 FALL 34.30 -919 0 0 0 2 934956
173 18798 FALL 32.90 -5457 0 0 0 2 939967
174 18898 FALL 31.68 -1520 0 0 0 2 944959
175 18998 FALL 30.58 -1053 0 0 0 2 949959
176 19098 FALL 30.37 -790 0 0 0 2 954956
177 19198 FALL 29.66 -631 0 0 0 2 959956
178 19298 FALL 27.93 -1115 0 0 0 2 964959
179 19398 FALL 25.84 -1480 0 0 0 2 969959
180 19498 FALL 25.08 -1530 0 0 0 2 974960
#STAGE 18 19546: i2c=488 filter=320 ctrl=28 total=836 us
181 19598 FALL 25.60 -1214 0 0 0 2 979960
182 19698 FALL 26.01 -1261 0 0 0 2 984960
183 19798 FALL 26.13 -1085 0 0 0 2 989960
184 19898 FALL 25.62 -1077 0 0 0 2 994959
185 19998 FALL 24.68 -1386 0 0 0 2 999959
186 20098 FALL 24.28 -1167 0 0 0 2 1004960
187 20198 FALL 24.01 -1194 0 0 0 2 1009959
188 20298 FALL 23.63 -1291 0 0 0 2 1014960
189 20398 FALL 23.24 -1194 0 0 0 2 1019960
190 20498 FALL 22.84 -1286 0 0 0 2 1024959
#STAGE 19 20546: i2c=480 filter=324 ctrl=24 total=828 us
191 20598 FALL 22.52 -1267 0 0 0 2 1029960
192 20698 FALL 22.17 -1326 0 0 0 2 1034959
193 20798 FALL 21.72 -1295 0 0 0 2 1039960
194 20898 FALL 21.35 -1314 0 0 0 2 1044960
195 20998 FALL 21.01 -1210 0 0 0 2 1049960
196 21098 FALL 20.76 -1270 0 0 0 2 1054960
197 21198 FALL 20.55 -1218 0 0 0 2 1059960
198 21298 FALL 20.23 -1258 0 0 0 2 1064960
199 21398 FALL 19.81 -1276 0 0 0 2 1069960
200 21498 FALL 19.46 -1260 0 0 0 2 1074960
#STAGE 20 21546: i2c=492 filter=324 ctrl=32 total=848 us
201 21598 FALL 19.11 -1310 0 0 0 2 1079960
202 21698 FALL 18.73 -1272 0 0 0 2 1084960
203 21798 FALL 18.51 -1304 0 0 0 2 1089960
204 21898 FALL 18.29 -1195 0 0 0 2 1094960
205 21998 FALL 17.89 -1238 0 0 0 2 1099960
206 22098 FALL 17.38 -1358 0 0 0 2 1104959
207 22198 FALL 17.02 -1337 0 0 0 2 1109960
208 22298 FALL 16.71 -1428 0 0 0 2 1114960
209 22398 FALL 16.70 -1148 0 0 0 2 1119960
210 22498 FALL 16.25 -1291 0 0 0 2 1124960
#STAGE 21 22546: i2c=496 filter=324 ctrl=24 total=844 us
211 22598 FALL 15.67 -1382 0 0 0 2 1129960
212 22698 FALL 15.27 -1419 0 0 0 2 1134959
213 22798 FALL 14.91 -1439 0 0 0 2 1139960
214 22898 FALL 14.48 -1495 0 0 0 2 1144959
215 22998 FALL 14.15 -1454 0 0 0 2 1149959
216 23098 FALL 13.93 -1426 0 0 0 2 1154960
217 23198 FALL 13.79 -1411 0 0 0 2 1159960
218 23298 FALL 13.65 -1351 0 0 0 2 1164961
219 23398 FALL 13.37 -1408 0 0 0 2 1169960
220 23498 FALL 13.12 -1398 0 0 0 2 1174960
#STAGE 22 23546: i2c=484 filter=320 ctrl=24 total=828 us
221 23598 FALL 12.88 -1387 0 0 0 2 1179961
222 23698 FALL 12.63 -1435 0 0 0 2 1184961
223 23798 FALL 12.34 -1494 0 0 0 2 1189960
224 23898 FALL 12.10 -1386 0 0 0 2 1194960
225 23998 FALL 11.90 -1407 0 0 0 2 1199961
226 24098 FALL 11.73 -1445 0 0 0 2 1204960
227 24198 FALL 11.53 -1435 0 0 0 2 1209960
228 24298 FALL 11.35 -1421 0 0 0 2 1214961
229 24398 FALL 11.18 -1375 0 0 0 2 1219960
230 24498 FALL 10.97 -1349 0 0 0 2 1224960
#STAGE 23 24546: i2c=484 filter=320 ctrl=24 total=828 us
231 24598 FALL 10.72 -1383 0 0 0 2 1229961
232 24698 FALL 10.45 -1387 0 0 0 2 1234960
233 24798 FALL 10.23 -1400 0 0 0 2 1239961
234 24898 FALL 9.96 -1410 0 0 0 2 1244958
235 24998 FALL 9.73 -1402 0 0 0 2 1249958
236 25098 FALL 9.51 -1441 0 0 0 2 1254958
237 25198 FALL 9.28 -1463 0 0 0 2 1259958
238 25298 FALL 9.07 -1402 0 0 0 2 1264958
239 25398 FALL 8.86 -1453 0 0 0 2 1269958
240 25498 FALL 8.65 -1413 0 0 0 2 1274958
#STAGE 24 25546: i2c=484 filter=324 ctrl=32 total=840 us
241 25598 FALL 8.43 -1475 0 0 0 2 1279959
242 25698 FALL 8.29 -1378 0 0 0 2 1284958
243 25798 FALL 8.11 -1415 0 0 0 2 1289958
244 25898 FALL 7.90 -1488 0 0 0 2 1294958
245 25998 FALL 7.78 -1379 0 0 0 2 1299958
246 26098 FALL 7.61 -1369 0 0 0 2 1304958
247 26198 FALL 7.39 -1382 0 0 0 2 1309958
248 26298 FALL 7.19 -1392 0 0 0 2 1314957
249 26398 FALL 7.02 -1373 0 0 0 2 1319958
250 26498 FALL 6.89 -1363 0 0 0 2 1324958
#STAGE 25 26546: i2c=496 filter=320 ctrl=24 total=840 us
251 26598 FALL 6.72 -1398 0 0 0 2 1329959
252 26698 FALL 6.52 -1398 0 0 0 2 1334958
253 26798 FALL 6.37 -1366 0 0 0 2 1339958
254 26898 FALL 6.12 -1438 0 0 0 2 1344958
255 26998 FALL 5.92 -1402 0 0 0 2 1349958
256 27098 FALL 5.68 -1454 0 0 0 2 1354958
257 27198 FALL 5.50 -1423 0 0 0 2 1359958
258 27298 FALL 5.41 -1351 0 0 0 2 1364958
259 27398 FALL 5.20 -1428 0 0 0 2 1369958
260 27498 FALL 5.06 -1407 0 0 0 2 1374958
#STAGE 26 27546: i2c=480 filter=324 ctrl=20 total=824 us
261 27598 FALL 4.86 -1434 0 0 0 2 1379959
262 27698 FALL 4.61 -1432 0 0 0 2 1384958
263 27798 FALL 4.43 -1447 0 0 0 2 1389958
264 27898 FALL 4.26 -1477 0 0 0 2 1394958
265 27998 FALL 4.14 -1456 0 0 0 2 1399958
266 28098 FALL 4.06 -1493 0 0 0 2 1404958
267 28198 FALL 3.99 -1444 0 0 0 2 1409958
268 28298 FALL 3.90 -1383 0 0 0 2 1414958
269 28398 FALL 3.68 -1493 0 0 0 2 1419957
270 28498 FALL 3.52 -1384 0 0 0 2 1424958
#STAGE 27 28546: i2c=492 filter=320 ctrl=24 total=836 us
271 28598 FALL 3.36 -1435 0 0 0 2 1429959
272 28698 FALL 3.20 -1458 0 0 0 2 1434958
273 28798 FALL 3.10 -1352 0 0 0 2 1439958
274 28898 FALL 2.98 -1417 0 0 0 2 1444958
275 28998 FALL 2.94 -1416 0 0 0 2 1449957
276 29098 FALL 2.88 -1341 0 0 0 2 1454958
277 29198 FALL 2.72 -1349 0 0 0 2 1459958
278 29298 FALL 2.56 -1430 0 0 0 2 1464958
279 29398 FALL 2.52 -1386 0 0 0 2 1469958
280 29498 FALL 2.45 -1343 0 0 0 2 1474958
#STAGE 28 29546: i2c=484 filter=324 ctrl=20 total=828 us
281 29598 FALL 2.37 -1366 0 0 0 2 1479957
282 29698 FALL 2.30 -1284 0 0 0 2 1484957
283 29798 FALL 2.22 -1365 0 0 0 2 1489958
284 29898 FALL 2.07 -1325 0 0 0 2 1494958
285 29998 FALL 1.90 -1362 0 0 0 2 1499958
286 30098 FALL 1.75 -1378 0 0 0 2 1504957
287 30198 FALL 1.63 -1393 0 0 0 2 1509958
288 30298 FALL 1.55 -1351 0 0 0 2 1514958
289 30398 FALL 1.52 -1338 0 0 0 2 1519957
290 30498 FALL 1.49 -1301 0 0 0 2 1524958
#STAGE 29 30546: i2c=484 filter=324 ctrl=24 total=832 us
291 30598 FALL 1.36 -1353 0 0 0 2 1529958
292 30698 FALL 1.19 -1387 0 0 0 2 1534958
293 30798 FALL 1.03 -1245 0 0 0 2 1539958
294 30898 FALL 0.82 -1426 0 0 0 2 1544954
295 30998 FALL 0.73 -1327 0 0 0 2 1549954
296 31098 FALL 0.64 -1292 0 0 0 2 1554954
297 31198 FALL 0.51 -1339 0 0 0 2 1559955
298 31298 RUN -0.65 -558 138 138 0 2 1565032
299 31398 RUN -1.87 -1396 183 183 0 2 1570042
300 31498 RUN -2.49 -1533 438 438 0 2 1575041
#STAGE 30 31546: i2c=576 filter=644 ctrl=460 total=1680 us
301 31599 RUN -1.97 -2465 -599 -599 0 2 1580053
302 31698 RUN -1.23 -619 304 304 0 2 1585036
303 31798 RUN -1.24 -1941 210 210 0 2 1590042
304 31898 RUN -1.84 -1145 254 254 0 2 1595040
305 31998 RUN -2.08 -1505 401 401 0 2 1600041
306 32099 RUN -1.65 -2398 259 259 0 2 1605053
307 32198 RUN -1.61 -1490 213 213 0 2 1610041
308 32298 RUN -1.75 -1675 186 186 0 2 1615042
309 32398 RUN -2.02 -1274 190 190 0 2 1620043
310 32498 RUN -1.97 -1494 168 168 0 2 1625041
#STAGE 31 32546: i2c=560 filter=428 ctrl=496 total=1484 us
311 32598 RUN -1.93 -1836 139 139 0 2 1630043
312 32698 RUN -2.44 -1113 153 153 0 2 1635042
313 32798 RUN -3.10 -1793 274 274 0 2 1640042
314 32898 RUN -3.11 324 582 582 0 2 1645036
315 32998 RUN -3.13 -1577 -228 -228 0 2 1650042
316 33098 RUN -3.00 -1392 -134 -134 0 2 1655042
317 33198 RUN -2.28 -1846 -118 -118 0 2 1660043
318 33298 RUN -1.18 -1258 -167 -167 0 2 1665042
319 33398 RUN -1.09 -1442 -218 -218 0 2 1670043
320 33498 RUN -1.53 -1499 -184 -184 0 2 1675042
#STAGE 32 33546: i2c=572 filter=444 ctrl=496 total=1512 us
321 33598 RUN -1.60 -806 -164 -164 0 2 1680039
322 33698 RUN -1.83 -913 -130 -130 0 2 1685038
323 33798 RUN -1.95 -2060 -97 -97 0 2 1690033
324 33898 RUN -1.71 -764 -84 -84 0 2 1695029
325 33999 RUN -2.41 -2232 -56 -56 0 2 1700045
326 34098 RUN -2.34 -857 -41 -41 0 2 1705031
327 34199 RUN -2.57 -3573 -30 -30 0 2 1710045
328 34299 RUN 1.39 -2753 -37 -37 0 2 1715044
329 34399 RUN 11.91 7539 34 34 0 2 1720049
330 34499 RUN 10.09 -4123 14 14 0 2 1725051
#STAGE 33 34547: i2c=588 filter=672 ctrl=508 total=1768 us
331 34598 RUN 12.02 1276 8 8 0 2 1730036
332 34698 RUN 15.54 659 8 8 0 2 1735028
333 34799 RUN 19.69 -5126 8 8 0 2 1740045
334 34899 RUN 12.91 -6423 8 8 0 2 1745045
335 34998 RUN 12.69 -2062 8 8 0 2 1750035
336 35099 RUN 13.40 -3156 8 8 0 2 1755046
337 35198 RUN 11.40 -851 8 8 0 2 1760029
338 35299 RUN 14.51 -3290 8 8 0 2 1765044
339 35399 RUN 12.83 -4083 8 8 0 2 1770044
340 35499 RUN 10.99 -2783 8 8 0 2 1775046
#STAGE 34 35547: i2c=572 filter=680 ctrl=500 total=1752 us
341 35599 RUN 11.71 -4043 8 8 0 2 1780046
342 35699 RUN 12.85 -4311 8 8 0 2 1785046
343 35799 RUN 15.42 -2480 8 8 0 2 1790047
344 35899 RUN 16.47 -2114 8 8 0 2 1795046
345 35999 RUN 17.20 -2684 8 8 0 2 1800046
346 36099 RUN 16.66 -3062 8 8 0 2 1805045
347 36198 RUN 16.84 -154 8 8 0 2 1810030
348 36298 RUN 16.55 -616 8 8 0 2 1815029
349 36399 RUN 15.48 1998 8 8 0 2 1820046
350 36499 RUN 15.83 -3213 8 8 0 2 1825045
#STAGE 35 36546: i2c=560 filter=460 ctrl=484 total=1504 us
351 36598 RUN 15.79 -708 8 8 0 2 1830032
352 36698 RUN 15.18 -1936 8 8 0 2 1835035
353 36799 RUN 15.26 -2933 8 8 0 2 1840046
354 36898 RUN 14.75 -795 8 8 0 2 1845030
355 36998 RUN 14.71 -1539 8 8 0 2 1850034
356 37099 RUN 14.83 -3240 8 8 0 2 1855046
357 37198 RUN 16.05 855 8 8 0 2 1860029
358 37298 RUN 16.88 -1103 8 8 0 2 1865035
359 37399 RUN 17.06 -3186 8 8 0 2 1870045
360 37498 RUN 16.83 140 8 8 0 2 1875029
#STAGE 36 37546: i2c=560 filter=468 ctrl=496 total=1524 us
361 37598 RUN 16.19 782 8 8 0 2 1880031
362 37698 RUN 15.00 -1694 8 8 0 2 1885035
363 37798 RUN 13.75 -937 8 8 0 2 1890030
364 37898 RUN 11.63 -980 8 8 0 2 1895030
365 37998 RUN 11.22 678 8 8 0 2 1900029
366 38099 RUN 11.61 -4238 8 8 0 2 1905045
367 38198 RUN 12.10 468 8 8 0 2 1910030
368 38299 RUN 14.12 -2942 8 8 0 2 1915046
369 38398 RUN 14.56 -1091 8 8 0 2 1920035
370 38499 RUN 11.74 1936 8 8 0 2 1925045
#STAGE 37 38547: i2c=576 filter=668 ctrl=492 total=1736 us
371 38599 RUN 15.75 -13930 8 8 0 2 1930046
372 38698 FALL 35.84 -5199 0 0 0 2 1934969
373 38798 FALL 45.99 3838 0 0 0 2 1939968
374 38898 FALL 54.39 -7971 0 0 0 2 1944968
375 38998 FALL 68.90 -8499 0 0 0 2 1949965
376 39098 FALL 66.54 -9381 0 0 0 2 1954966
377 39198 FALL 66.28 -8354 0 0 0 2 1959966
378 39298 FALL 64.90 -7708 0 0 0 2 1964969
379 39398 FALL 63.89 -7236 0 0 0 2 1969968
380 39498 FALL 63.77 -10466 0 0 0 2 1974969
#STAGE 38 39546: i2c=480 filter=468 ctrl=32 total=980 us
381 39598 FALL 77.03 -6351 0 0 0 2 1979969
382 39698 FALL 90.83 -5434 0 0 0 2 1984969
383 39798 FALL 102.08 -3286 0 0 0 2 1989971
384 39898 FALL 110.41 -2484 0 0 0 2 1994972
385 39998 FALL 117.18 -1076 0 0 0 2 1999965
386 40098 FALL 121.22 -1178 0 0 0 2 2004965
387 40198 FALL 123.06 -357 0 0 0 2 2009961
388 40298 FALL 123.08 355 0 0 0 2 2014961
389 40398 FALL 120.02 672 0 0 0 2 2019961
390 40498 FALL 115.38 -412 0 0 0 2 2024962
#STAGE 39 40546: i2c=484 filter=320 ctrl=24 total=828 us
391 40598 FALL 110.17 -1237 0 0 0 2 2029965
392 40698 FALL 104.34 -3477 0 0 0 2 2034972
393 40798 FALL 112.26 -730 0 0 0 2 2039961
394 40898 FALL 113.95 -1051 0 0 0 2 2044965
395 40998 FALL 107.45 -1341 0 0 0 2 2049965
396 41098 FALL 99.79 -1236 0 0 0 2 2054962
397 41198 FALL 95.74 -1541 0 0 0 2 2059961
398 41298 FALL 95.94 -615 0 0 0 2 2064958
399 41398 FALL 96.08 -1358 0 0 0 2 2069961
400 41498 FALL 97.46 -1437 0 0 0 2 2074961
#STAGE 40 41546: i2c=488 filter=332 ctrl=24 total=844 us
401 41598 FALL 97.14 -1422 0 0 0 2 2079962
402 41698 FALL 96.94 -1164 0 0 0 2 2084962
403 41798 FALL 95.95 -1017 0 0 0 2 2089961
404 41898 FALL 93.63 -847 0 0 0 2 2094957
405 41998 FALL 89.63 -1302 0 0 0 2 2099961
406 42098 FALL 87.47 -1126 0 0 0 2 2104962
407 42198 FALL 85.95 -2233 0 0 0 2 2109969
408 42298 FALL 89.00 -388 0 0 0 2 2114958
409 42398 FALL 86.79 -897 0 0 0 2 2119958
410 42498 FALL 85.38 -1479 0 0 0 2 2124961
#STAGE 41 42546: i2c=496 filter=324 ctrl=32 total=852 us
411 42598 FALL 86.78 -2534 0 0 0 2 2129969
412 42698 FALL 89.61 -1023 0 0 0 2 2134962
413 42798 FALL 87.04 -1509 0 0 0 2 2139961
414 42898 FALL 84.71 -958 0 0 0 2 2144958
415 42998 FALL 81.16 -1202 0 0 0 2 2149962
416 43098 FALL 79.68 -1183 0 0 0 2 2154962
417 43198 FALL 80.18 -1306 0 0 0 2 2159962
418 43298 FALL 79.96 -1451 0 0 0 2 2164962
419 43398 FALL 79.15 -1402 0 0 0 2 2169962
420 43498 FALL 77.71 -1261 0 0 0 2 2174962
#STAGE 42 43546: i2c=484 filter=336 ctrl=24 total=844 us
421 43598 FALL 76.70 -1379 0 0 0 2 2179962
422 43698 FALL 76.35 -1223 0 0 0 2 2184961
423 43798 FALL 75.57 -1251 0 0 0 2 2189962
424 43898 FALL 74.50 -1185 0 0 0 2 2194962
425 43998 FALL 73.58 -1275 0 0 0 2 2199962
426 44098 FALL 73.36 -1000 0 0 0 2 2204961
427 44198 FALL 72.93 -1500 0 0 0 2 2209961
428 44298 FALL 72.60 -1141 0 0 0 2 2214962
429 44398 FALL 72.23 -963 0 0 0 2 2219958
430 44498 FALL 72.07 -842 0 0 0 2 2224958
#STAGE 43 44546: i2c=480 filter=320 ctrl=24 total=824 us
431 44598 FALL 71.80 -894 0 0 0 2 2229958
432 44698 FALL 72.03 -584 0 0 0 2 2234958
433 44798 FALL 71.58 -634 0 0 0 2 2239958
434 44898 FALL 70.70 -740 0 0 0 2 2244958
435 44998 FALL 69.48 -671 0 0 0 2 2249958
436 45098 FALL 68.40 -665 0 0 0 2 2254959
437 45198 FALL 67.15 -852 0 0 0 2 2259958
438 45298 FALL 66.34 -739 0 0 0 2 2264958
439 45398 FALL 65.63 -876 0 0 0 2 2269958
440 45498 FALL 64.96 -1001 0 0 0 2 2274961
#STAGE 44 45546: i2c=496 filter=316 ctrl=24 total=836 us
441 45598 FALL 64.36 -799 0 0 0 2 2279959
442 45698 FALL 63.93 -897 0 0 0 2 2284958
443 45798 FALL 63.27 -806 0 0 0 2 2289958
444 45898 FALL 62.34 -823 0 0 0 2 2294958
445 45998 FALL 61.46 -726 0 0 0 2 2299958
446 46098 FALL 60.71 -869 0 0 0 2 2304958
447 46198 FALL 60.22 -662 0 0 0 2 2309958
448 46298 FALL 59.66 -887 0 0 0 2 2314958
449 46398 FALL 59.15 -693 0 0 0 2 2319959
450 46498 FALL 58.44 -984 0 0 0 2 2324958
#STAGE 45 46546: i2c=492 filter=320 ctrl=24 total=836 us
451 46598 FALL 57.75 -740 0 0 0 2 2329959
452 46698 FALL 57.05 -823 0 0 0 2 2334958
453 46798 FALL 56.41 -795 0 0 0 2 2339958
454 46898 FALL 55.88 -810 0 0 0 2 2344958
455 46998 FALL 55.20 -799 0 0 0 2 2349958
456 47098 FALL 54.67 -617 0 0 0 2 2354958
457 47198 FALL 54.02 -985 0 0 0 2 2359958
458 47298 FALL 53.28 -749 0 0 0 2 2364958
459 47398 FALL 52.72 -874 0 0 0 2 2369958
460 47498 FALL 52.19 -953 0 0 0 2 2374958
#STAGE 46 47546: i2c=484 filter=320 ctrl=20 total=824 us
461 47598 FALL 51.65 -854 0 0 0 2 2379959
462 47698 FALL 51.10 -673 0 0 0 2 2384958
463 47798 FALL 50.64 -745 0 0 0 2 2389958
464 47898 FALL 50.05 -765 0 0 0 2 2394958
465 47998 FALL 49.40 -1052 0 0 0 2 2399962
466 48098 FALL 48.83 -775 0 0 0 2 2404958
467 48198 FALL 48.35 -666 0 0 0 2 2409958
468 48298 FALL 47.73 -758 0 0 0 2 2414958
469 48398 FALL 47.36 -896 0 0 0 2 2419958
470 48498 FALL 46.89 -398 0 0 0 2 2424958
#STAGE 47 48546: i2c=488 filter=312 ctrl=24 total=824 us
471 48598 FALL 44.62 -742 0 0 0 2 2429958
472 48698 FALL 43.83 -1337 0 0 0 2 2434961
473 48798 FALL 45.17 -361 0 0 0 2 2439958
474 48898 FALL 42.10 -1298 0 0 0 2 2444961
475 48998 FALL 41.81 -1197 0 0 0 2 2449961
476 49098 FALL 43.24 -739 0 0 0 2 2454958
477 49198 FALL 41.77 -1072 0 0 0 2 2459962
478 49298 FALL 39.69 -1169 0 0 0 2 2464962
479 49398 FALL 39.73 -1128 0 0 0 2 2469962
480 49498 FALL 40.65 -980 0 0 0 2 2474958
#STAGE 48 49546: i2c=484 filter=320 ctrl=24 total=828 us
481 49598 FALL 39.14 -2132 0 0 0 2 2479969
482 49698 FALL 39.40 -750 0 0 0 2 2484958
483 49798 FALL 37.79 -1155 0 0 0 2 2489961
484 49898 FALL 35.22 -1507 0 0 0 2 2494961
485 49998 FALL 34.59 -1795 0 0 0 2 2499961
486 50098 FALL 36.15 -1036 0 0 0 2 2504962
487 50198 FALL 37.10 -839 0 0 0 2 2509958
488 50298 FALL 37.29 -822 0 0 0 2 2514958
489 50398 FALL 36.50 -769 0 0 0 2 2519958
490 50498 FALL 34.91 -1040 0 0 0 2 2524961
#STAGE 49 50546: i2c=492 filter=324 ctrl=24 total=840 us
491 50598 FALL 33.44 -1308 0 0 0 2 2529962
492 50698 FALL 32.70 -1446 0 0 0 2 2534961
493 50798 FALL 33.42 -1000 0 0 0 2 2539962
494 50898 FALL 33.96 -664 0 0 0 2 2544959
495 50998 FALL 33.63 -915 0 0 0 2 2549959
496 51098 FALL 33.38 -892 0 0 0 2 2554958
497 51198 FALL 32.96 -813 0 0 0 2 2559958
498 51298 FALL 32.11 -1025 0 0 0 2 2564962
499 51398 FALL 31.69 -980 0 0 0 2 2569958
500 51498 FALL 31.33 -977 0 0 0 2 2574958
#STAGE 50 51546: i2c=488 filter=320 ctrl=28 total=836 us
501 51598 FALL 30.75 -1008 0 0 0 2 2579961
502 51698 FALL 30.27 -970 0 0 0 2 2584958
503 51798 FALL 29.74 -1060 0 0 0 2 2589961
504 51898 FALL 29.37 -939 0 0 0 2 2594957
505 51998 FALL 29.16 -990 0 0 0 2 2599958
506 52098 FALL 29.12 -969 0 0 0 2 2604958
507 52198 FALL 29.10 -879 0 0 0 2 2609958
508 52298 FALL 28.76 -950 0 0 0 2 2614958
509 52398 FALL 28.38 -900 0 0 0 2 2619958
510 52498 FALL 27.74 -1007 0 0 0 2 2624962
#STAGE 51 52546: i2c=488 filter=316 ctrl=32 total=836 us
511 52598 FALL 27.33 -1046 0 0 0 2 2629962
512 52698 FALL 27.37 -844 0 0 0 2 2634958
513 52798 FALL 26.93 -915 0 0 0 2 2639958
514 52898 FALL 26.53 -900 0 0 0 2 2644958
515 52998 FALL 26.11 -922 0 0 0 2 2649958
516 53098 FALL 25.59 -912 0 0 0 2 2654957
517 53198 FALL 24.93 -946 0 0 0 2 2659958
518 53298 FALL 24.18 -940 0 0 0 2 2664958
519 53398 FALL 23.29 -1101 0 0 0 2 2669961
520 53498 FALL 22.77 -1242 0 0 0 2 2674962
#STAGE 52 53546: i2c=492 filter=324 ctrl=32 total=848 us
521 53598 FALL 22.96 -1123 0 0 0 2 2679962
522 53698 FALL 23.43 -833 0 0 0 2 2684958
523 53798 FALL 22.89 -848 0 0 0 2 2689958
524 53898 FALL 21.12 -1204 0 0 0 2 2694962
525 53998 FALL 19.46 -1579 0 0 0 2 2699962
526 54098 FALL 18.89 -1560 0 0 0 2 2704961
527 54198 FALL 19.10 -1149 0 0 0 2 2709962
528 54298 FALL 18.69 -1477 0 0 0 2 2714961
529 54398 FALL 18.20 -1513 0 0 0 2 2719961
530 54498 FALL 17.92 -1517 0 0 0 2 2724962
#STAGE 53 54546: i2c=488 filter=320 ctrl=32 total=840 us
531 54598 FALL 17.96 -1433 0 0 0 2 2729962
532 54698 FALL 18.14 -1378 0 0 0 2 2734961
533 54798 FALL 18.22 -1289 0 0 0 2 2739962
534 54898 FALL 18.18 -1465 0 0 0 2 2744962
535 54998 FALL 19.49 -1024 0 0 0 2 2749962
536 55098 FALL 20.80 -631 0 0 0 2 2754958
537 55198 FALL 20.05 -596 0 0 0 2 2759958
538 55298 FALL 17.76 -1381 0 0 0 2 2764961
539 55398 FALL 17.39 -1357 0 0 0 2 2769961
540 55498 FALL 18.12 -862 0 0 0 2 2774958
#STAGE 54 55546: i2c=492 filter=320 ctrl=24 total=836 us
541 55598 FALL 18.27 -905 0 0 0 2 2779958
542 55698 FALL 18.05 -1060 0 0 0 2 2784961
543 55798 FALL 17.95 -879 0 0 0 2 2789958
544 55898 FALL 17.50 -991 0 0 0 2 2794959
545 55998 FALL 17.48 -814 0 0 0 2 2799958
546 56098 FALL 17.27 -847 0 0 0 2 2804958
547 56198 FALL 16.84 -929 0 0 0 2 2809958
548 56298 FALL 16.62 -860 0 0 0 2 2814958
549 56398 FALL 16.26 -876 0 0 0 2 2819958
550 56498 FALL 15.61 -1098 0 0 0 2 2824961
#STAGE 55 56546: i2c=492 filter=320 ctrl=24 total=836 us
551 56598 FALL 15.04 -965 0 0 0 2 2829958
552 56698 FALL 14.40 -1116 0 0 0 2 2834961
553 56798 FALL 13.64 -1282 0 0 0 2 2839961
554 56898 FALL 13.15 -1305 0 0 0 2 2844962
555 56998 FALL 13.33 -1058 0 0 0 2 2849960
556 57098 FALL 13.52 -906 0 0 0 2 2854958
557 57198 FALL 12.77 -1189 0 0 0 2 2859962
558 57298 FALL 12.03 -1214 0 0 0 2 2864962
559 57398 FALL 12.10 -1228 0 0 0 2 2869962
560 57498 FALL 12.21 -1031 0 0 0 2 2874961
#STAGE 56 57546: i2c=484 filter=324 ctrl=24 total=832 us
561 57598 FALL 11.96 -1152 0 0 0 2 2879962
562 57698 FALL 11.74 -1282 0 0 0 2 2884961
563 57798 FALL 11.92 -1121 0 0 0 2 2889961
564 57898 FALL 12.64 -703 0 0 0 2 2894958
565 57998 FALL 12.16 -688 0 0 0 2 2899958
566 58098 FALL 10.45 -1280 0 0 0 2 2904961
567 58198 FALL 9.73 -1574 0 0 0 2 2909958
568 58298 FALL 10.12 -1094 0 0 0 2 2914962
569 58398 FALL 9.76 -1026 0 0 0 2 2919958
570 58498 FALL 9.03 -1325 0 0 0 2 2924958
#STAGE 57 58546: i2c=488 filter=328 ctrl=24 total=840 us
571 58598 FALL 9.03 -1305 0 0 0 2 2929958
572 58698 FALL 9.51 -1241 0 0 0 2 2934958
573 58798 FALL 9.98 -1071 0 0 0 2 2939958
574 58898 FALL 10.03 -976 0 0 0 2 2944958
575 58998 FALL 9.66 -1020 0 0 0 2 2949958
576 59098 FALL 9.49 -1134 0 0 0 2 2954958
577 59198 FALL 9.84 -913 0 0 0 2 2959954
578 59298 FALL 9.71 -872 0 0 0 2 2964955
579 59398 FALL 8.89 -1326 0 0 0 2 2969959
580 59498 FALL 8.60 -1190 0 0 0 2 2974958
#STAGE 58 59546: i2c=480 filter=304 ctrl=24 total=808 us
581 59598 FALL 8.66 -1126 0 0 0 2 2979959
582 59698 FALL 8.71 -1059 0 0 0 2 2984958
583 59798 FALL 8.77 -1101 0 0 0 2 2989958
584 59898 FALL 9.47 -973 0 0 0 2 2994955
585 59998 FALL 9.08 -976 0 0 0 2 2999955
586 60098 FALL 8.26 -970 0 0 0 2 3004955
587 60198 FALL 7.82 -930 0 0 0 2 3009954
588 60298 FALL 7.35 -900 0 0 0 2 3014955
589 60398 FALL 7.25 -902 0 0 0 2 3019955
590 60498 FALL 7.47 -817 0 0 0 2 3024954
#STAGE 59 60546: i2c=488 filter=312 ctrl=24 total=824 us
591 60598 FALL 8.14 -872 0 0 0 2 3029954
592 60698 FALL 8.31 -1404 0 0 0 2 3034958
593 60798 FALL 10.22 -346 0 0 0 2 3039958
594 60898 FALL 11.68 -1 0 0 0 2 3044951
595 60998 FALL 11.35 -347 0 0 0 2 3049958
596 61098 FALL 10.54 -574 0 0 0 2 3054958
597 61198 FALL 10.35 -545 0 0 0 2 3059958
598 61298 FALL 10.60 -370 0 0 0 2 3064959
599 61398 FALL 10.81 -414 0 0 0 2 3069959
600 61498 FALL 11.33 -77 0 0 0 2 3074954
#STAGE 60 61546: i2c=496 filter=320 ctrl=24 total=840 us
601 61598 FALL 11.36 -182 0 0 0 2 3079959
602 61698 FALL 11.15 -333 0 0 0 2 3084958
603 61798 FALL 11.33 -191 0 0 0 2 3089958
604 61898 FALL 11.83 -2 0 0 0 2 3094951
605 61998 FALL 12.25 8 0 0 0 2 3099951
606 62098 FALL 12.88 195 0 0 0 2 3104958
607 62198 FALL 13.40 144 0 0 0 2 3109958
608 62298 FALL 13.82 363 0 0 0 2 3114958
609 62398 FALL 14.16 503 0 0 0 2 3119958
610 62498 FALL 14.55 379 0 0 0 2 3124957
#STAGE 61 62546: i2c=488 filter=316 ctrl=24 total=828 us
611 62598 FALL 14.97 598 0 0 0 2 3129958
612 62698 FALL 14.93 558 0 0 0 2 3134958
613 62798 FALL 14.63 576 0 0 0 2 3139958
614 62898 FALL 13.84 501 0 0 0 2 3144958
615 62998 FALL 12.28 118 0 0 0 2 3149958
616 63098 FALL 11.22 -299 0 0 0 2 3154958
617 63198 FALL 11.72 404 0 0 0 2 3159958
618 63298 FALL 11.55 805 0 0 0 2 3164958
619 63398 FALL 7.46 -1409 0 0 0 2 3169958
620 63498 FALL 6.26 -917 0 0 0 2 3174955
#STAGE 62 63546: i2c=492 filter=320 ctrl=24 total=836 us
621 63598 FALL 6.17 -1169 0 0 0 2 3179959
622 63698 FALL 5.09 -360 0 0 0 2 3184955
623 63798 FALL 1.59 -201 0 0 0 2 3189954
624 63899 RUN 7.56 14339 16 16 0 2 3195047
625 63998 RUN 6.02 1618 8 8 0 2 3200029
626 64098 RUN 8.33 -923 8 8 0 2 3205025
627 64198 RUN 13.03 -704 8 8 0 2 3210029
628 64298 RUN 13.19 -476 8 8 0 2 3215031
629 64399 RUN 13.22 -2355 8 8 0 2 3220045
630 64498 RUN 16.45 -1289 8 8 0 2 3225035
#STAGE 63 64546: i2c=556 filter=476 ctrl=500 total=1532 us
631 64598 RUN 16.33 -610 8 8 0 2 3230031
632 64698 RUN 15.04 -484 8 8 0 2 3235030
633 64798 RUN 12.95 -650 8 8 0 2 3240030
634 64898 RUN 13.73 -489 8 8 0 2 3245029
635 64998 RUN 15.63 -1029 8 8 0 2 3250036
636 65098 RUN 15.09 -1332 8 8 0 2 3255035
637 65198 RUN 13.15 -846 8 8 0 2 3260030
638 65298 RUN 12.78 -561 8 8 0 2 3265030
639 65398 RUN 12.77 -1327 8 8 0 2 3270035
640 65498 RUN 12.32 -762 8 8 0 2 3275029
#STAGE 64 65546: i2c=556 filter=460 ctrl=500 total=1516 us
641 65598 RUN 12.06 -1626 8 8 0 2 3280036
642 65698 RUN 11.44 -893 8 8 0 2 3285030
643 65798 RUN 11.58 -1081 8 8 0 2 3290035
644 65898 RUN 11.54 -851 8 8 0 2 3295031
645 65998 RUN 11.34 -576 8 8 0 2 3300029
646 66098 RUN 11.29 -970 8 8 0 2 3305030
647 66198 RUN 11.22 -1531 8 8 0 2 3310035
648 66298 RUN 10.86 -1290 8 8 0 2 3315036
649 66398 RUN 10.46 -1941 8 8 0 2 3320035
650 66499 RUN 10.31 -2172 8 8 0 2 3325046
#STAGE 65 66546: i2c=560 filter=468 ctrl=512 total=1540 us
651 66598 RUN 10.05 -539 8 8 0 2 3330031
652 66698 RUN 9.33 -234 8 8 0 2 3335025
653 66798 RUN 9.00 -510 8 8 0 2 3340024
654 66898 RUN 9.07 -1255 8 8 0 2 3345030
655 66998 RUN 9.19 -1355 8 8 0 2 3350031
656 67098 RUN 9.18 -944 8 8 0 2 3355026
657 67198 RUN 9.09 -751 8 8 0 2 3360026
658 67298 RUN 8.72 -714 8 8 0 2 3365026
659 67398 RUN 7.96 -277 8 8 0 2 3370025
660 67498 RUN 8.02 -581 8 8 0 2 3375025
#STAGE 66 67546: i2c=556 filter=480 ctrl=484 total=1520 us
661 67598 RUN 9.68 -826 8 8 0 2 3380026
662 67698 RUN 9.00 -806 8 8 0 2 3385025
663 67798 RUN 9.53 -950 8 8 0 2 3390025
664 67898 RUN 8.34 -1745 8 8 0 2 3395030
665 67998 RUN 6.36 -934 8 8 0 2 3400025
666 68098 RUN 7.04 -619 8 8 0 2 3405025
667 68198 RUN 7.50 -1212 8 8 0 2 3410032
668 68298 RUN 7.49 -540 8 8 0 2 3415025
669 68398 RUN 7.82 -390 8 8 0 2 3420026
670 68498 RUN 6.95 -266 8 8 0 2 