MCUSR: 0x2
1 1598 LOWBATT 0.72 7743 0 0 0 2 79949
2 1698 LOWBATT 1.44 7744 0 0 0 2 84953
3 1798 LOWBATT 2.15 7736 0 0 0 2 89953
4 1898 LOWBATT 2.85 7723 0 0 0 2 94952
5 1998 LOWBATT 3.55 7740 0 0 0 2 99953
6 2098 LOWBATT 4.24 7743 0 0 0 2 104953
7 2198 LOWBATT 4.92 7731 0 0 0 2 109953
8 2298 LOWBATT 5.59 7736 0 0 0 2 114953
9 2398 LOWBATT 6.26 7735 0 0 0 2 119953
10 2498 LOWBATT 6.92 7747 0 0 0 2 124956
#STAGE 1 2546: i2c=496 filter=464 ctrl=16 total=976 us
11 2598 LOWBATT 7.58 7744 0 0 0 2 129957
12 2698 LOWBATT 8.23 7727 0 0 0 2 134956
13 2798 LOWBATT 8.87 7727 0 0 0 2 139956
14 2898 LOWBATT 9.50 7753 0 0 0 2 144957
15 2998 LOWBATT 10.13 7731 0 0 0 2 149960
16 3098 LOWBATT 10.76 7789 0 0 0 2 154959
17 3198 LOWBATT 11.38 7730 0 0 0 2 159958
18 3298 LOWBATT 11.99 7768 0 0 0 2 164959
19 3398 LOWBATT 12.59 7730 0 0 0 2 169960
20 3498 LOWBATT 13.19 7746 0 0 0 2 174959
#STAGE 2 3546: i2c=484 filter=464 ctrl=16 total=964 us
21 3598 LOWBATT 13.78 7732 0 0 0 2 179960
22 3698 LOWBATT 14.37 7741 0 0 0 2 184960
23 3798 LOWBATT 14.95 7765 0 0 0 2 189959
24 3898 LOWBATT 15.53 7707 0 0 0 2 194959
25 3998 LOWBATT 16.09 7725 0 0 0 2 199959
26 4098 LOWBATT 16.66 7761 0 0 0 2 204959
27 4198 LOWBATT 17.23 7724 0 0 0 2 209960
28 4298 LOWBATT 17.78 7744 0 0 0 2 214959
29 4398 LOWBATT 18.33 7746 0 0 0 2 219960
30 4498 LOWBATT 18.87 7761 0 0 0 2 224959
#STAGE 3 4546: i2c=496 filter=464 ctrl=16 total=976 us
31 4598 LOWBATT 19.41 7747 0 0 0 2 229960
32 4698 LOWBATT 19.94 7737 0 0 0 2 234960
33 4798 LOWBATT 20.47 7733 0 0 0 2 239959
34 4898 LOWBATT 20.99 7765 0 0 0 2 244959
35 4998 LOWBATT 21.51 7731 0 0 0 2 249960
36 5098 LOWBATT 22.02 7772 0 0 0 2 254959
37 5198 LOWBATT 22.53 7747 0 0 0 2 259960
38 5298 LOWBATT 23.03 7738 0 0 0 2 264959
39 5398 LOWBATT 23.52 7745 0 0 0 2 269959
40 5498 LOWBATT 24.01 7746 0 0 0 2 274960
#STAGE 4 5546: i2c=488 filter=448 ctrl=8 total=944 us
41 5598 LOWBATT 24.50 7730 0 0 0 2 279960
42 5698 LOWBATT 24.98 7728 0 0 0 2 284959
43 5798 LOWBATT 25.46 7752 0 0 0 2 289959
44 5898 LOWBATT 25.93 7731 0 0 0 2 294960
45 5998 LOWBATT 26.40 7755 0 0 0 2 299959
46 6098 LOWBATT 26.86 7746 0 0 0 2 304959
47 6198 LOWBATT 27.32 7716 0 0 0 2 309958
48 6298 LOWBATT 27.77 7740 0 0 0 2 314960
49 6398 LOWBATT 28.22 7747 0 0 0 2 319959
50 6498 LOWBATT 28.66 7737 0 0 0 2 324959
#STAGE 5 6546: i2c=488 filter=460 ctrl=16 total=964 us
51 6598 LOWBATT 29.10 7758 0 0 0 2 329960
52 6698 LOWBATT 29.54 7730 0 0 0 2 334960
53 6798 LOWBATT 29.97 7735 0 0 0 2 339959
54 6898 LOWBATT 30.40 7738 0 0 0 2 344959
55 6998 LOWBATT 30.82 7745 0 0 0 2 349959
56 7098 LOWBATT 31.24 7735 0 0 0 2 354959
57 7198 LOWBATT 31.65 7759 0 0 0 2 359960
58 7298 LOWBATT 32.06 7730 0 0 0 2 364959
59 7398 LOWBATT 32.47 7735 0 0 0 2 369959
60 7498 LOWBATT 32.87 7722 0 0 0 2 374959
#STAGE 6 7546: i2c=488 filter=456 ctrl=16 total=960 us
61 7598 LOWBATT 33.27 7751 0 0 0 2 379959
62 7698 LOWBATT 33.66 7743 0 0 0 2 384959
63 7798 LOWBATT 34.05 7757 0 0 0 2 389959
64 7898 LOWBATT 34.44 7741 0 0 0 2 394960
65 7998 LOWBATT 34.83 7767 0 0 0 2 399960
66 8098 LOWBATT 35.21 7749 0 0 0 2 404959
67 8198 LOWBATT 35.59 7736 0 0 0 2 409960
68 8298 LOWBATT 35.96 7741 0 0 0 2 414959
69 8398 LOWBATT 36.33 7757 0 0 0 2 419960
70 8498 LOWBATT 36.69 7759 0 0 0 2 424959
#STAGE 7 8546: i2c=488 filter=460 ctrl=16 total=964 us
71 8598 LOWBATT 37.05 7726 0 0 0 2 429960
72 8698 LOWBATT 37.41 7719 0 0 0 2 434959
73 8798 LOWBATT 37.76 7741 0 0 0 2 439960
74 8898 LOWBATT 38.11 7758 0 0 0 2 444960
75 8998 LOWBATT 38.46 7705 0 0 0 2 449959
76 9098 LOWBATT 38.81 7727 0 0 0 2 454960
77 9198 LOWBATT 39.15 7759 0 0 0 2 459960
78 9298 LOWBATT 39.48 7747 0 0 0 2 464959
79 9398 LOWBATT 39.82 7737 0 0 0 2 469960
80 9498 LOWBATT 40.14 7737 0 0 0 2 474960
#STAGE 8 9546: i2c=492 filter=464 ctrl=16 total=972 us
81 9598 LOWBATT 40.47 7723 0 0 0 2 479960
82 9698 LOWBATT 40.79 7751 0 0 0 2 484960
83 9798 LOWBATT 41.11 7715 0 0 0 2 489959
84 9898 LOWBATT 41.42 7729 0 0 0 2 494959
85 9998 LOWBATT 41.74 7752 0 0 0 2 499960
86 10098 LOWBATT 42.05 7763 0 0 0 2 504963
87 10198 LOWBATT 42.36 7760 0 0 0 2 509963
88 10298 LOWBATT 42.66 7750 0 0 0 2 514963
89 10398 LOWBATT 42.96 7756 0 0 0 2 519962
90 10498 LOWBATT 43.26 7741 0 0 0 2 524963
#STAGE 9 10546: i2c=484 filter=460 ctrl=16 total=960 us
91 10598 LOWBATT 43.55 7745 0 0 0 2 529963
92 10698 LOWBATT 43.84 7758 0 0 0 2 534963
93 10798 LOWBATT 44.13 7740 0 0 0 2 539963
94 10898 LOWBATT 44.42 7737 0 0 0 2 544963
95 10998 LOWBATT 44.71 7751 0 0 0 2 549963
96 11098 LOWBATT 44.99 7772 0 0 0 2 554963
97 11198 LOWBATT 45.27 7746 0 0 0 2 559962
98 11298 LOWBATT 45.54 7734 0 0 0 2 564962
99 11398 LOWBATT 45.82 7749 0 0 0 2 569963
100 11498 LOWBATT 46.08 7749 0 0 0 2 574966
#STAGE 10 11546: i2c=484 filter=476 ctrl=8 total=968 us
101 11598 LOWBATT 46.35 7743 0 0 0 2 579966
102 11698 LOWBATT 46.62 7732 0 0 0 2 584967
103 11798 LOWBATT 46.88 7720 0 0 0 2 589966
104 11898 LOWBATT 47.14 7738 0 0 0 2 594966
105 11998 LOWBATT 47.40 7750 0 0 0 2 599966
106 12098 LOWBATT 47.65 7725 0 0 0 2 604966
107 12198 LOWBATT 47.90 7746 0 0 0 2 609965
108 12298 LOWBATT 48.15 7726 0 0 0 2 614966
109 12398 LOWBATT 48.39 7747 0 0 0 2 619966
110 12498 LOWBATT 48.64 7753 0 0 0 2 624966
#STAGE 11 12546: i2c=488 filter=468 ctrl=8 total=964 us
111 12598 LOWBATT 48.88 7757 0 0 0 2 629967
112 12698 LOWBATT 49.12 7720 0 0 0 2 634966
113 12798 LOWBATT 49.35 7737 0 0 0 2 639966
114 12898 LOWBATT 49.59 7751 0 0 0 2 644966
115 12998 LOWBATT 49.82 7765 0 0 0 2 649966
116 13098 LOWBATT 50.05 7745 0 0 0 2 654966
117 13198 LOWBATT 50.28 7745 0 0 0 2 659966
118 13298 LOWBATT 50.50 7755 0 0 0 2 664966
119 13398 LOWBATT 50.72 7734 0 0 0 2 669966
120 13498 LOWBATT 50.94 7771 0 0 0 2 674966
#STAGE 12 13546: i2c=484 filter=464 ctrl=16 total=964 us
121 13598 LOWBATT 51.16 7747 0 0 0 2 679967
122 13698 LOWBATT 51.38 7741 0 0 0 2 684966
123 13798 LOWBATT 51.59 7754 0 0 0 2 689966
124 13898 LOWBATT 51.80 7751 0 0 0 2 694966
125 13998 LOWBATT 52.01 7746 0 0 0 2 699966
126 14098 LOWBATT 52.22 7730 0 0 0 2 704966
127 14198 LOWBATT 52.42 7740 0 0 0 2 709966
128 14298 LOWBATT 52.63 7724 0 0 0 2 714966
129 14398 LOWBATT 52.83 7757 0 0 0 2 719966
130 14498 LOWBATT 53.03 7743 0 0 0 2 724966
#STAGE 13 14546: i2c=488 filter=452 ctrl=16 total=956 us
131 14598 LOWBATT 53.23 7744 0 0 0 2 729967
132 14698 LOWBATT 53.42 7775 0 0 0 2 734966
133 14798 LOWBATT 53.62 7766 0 0 0 2 739966
134 14898 LOWBATT 53.81 7744 0 0 0 2 744966
135 14998 LOWBATT 54.00 7756 0 0 0 2 749966
136 15098 LOWBATT 54.19 7741 0 0 0 2 754966
137 15198 LOWBATT 54.38 7726 0 0 0 2 759966
138 15298 LOWBATT 54.56 7708 0 0 0 2 764966
139 15398 LOWBATT 54.75 7718 0 0 0 2 769966
140 15498 LOWBATT 54.92 7747 0 0 0 2 774966
#STAGE 14 15546: i2c=488 filter=452 ctrl=16 total=956 us
141 15598 LOWBATT 55.10 7754 0 0 0 2 779967
142 15698 LOWBATT 55.28 7749 0 0 0 2 784966
143 15798 LOWBATT 55.46 7756 0 0 0 2 789966
144 15898 LOWBATT 55.63 7739 0 0 0 2 794966
145 15998 LOWBATT 55.80 7751 0 0 0 2 799966
146 16098 LOWBATT 55.97 7724 0 0 0 2 804966
147 16198 LOWBATT 56.14 7730 0 0 0 2 809966
148 16298 LOWBATT 56.30 7746 0 0 0 2 814966
149 16398 LOWBATT 56.47 7734 0 0 0 2 819966
150 16498 LOWBATT 56.63 7732 0 0 0 2 824966
#STAGE 15 16546: i2c=488 filter=468 ctrl=12 total=968 us
151 16598 LOWBATT 56.79 7743 0 0 0 2 829967
152 16698 LOWBATT 56.95 7736 0 0 0 2 834967
153 16798 LOWBATT 57.11 7743 0 0 0 2 839966
154 16898 LOWBATT 57.27 7735 0 0 0 2 844966
155 16998 LOWBATT 57.42 7748 0 0 0 2 849966
156 17098 LOWBATT 57.57 7752 0 0 0 2 854966
157 17198 LOWBATT 57.72 7745 0 0 0 2 859966
158 17298 LOWBATT 57.87 7723 0 0 0 2 864966
159 17398 LOWBATT 58.02 7752 0 0 0 2 869966
160 17498 LOWBATT 58.17 7720 0 0 0 2 874966
#STAGE 16 17546: i2c=488 filter=472 ctrl=12 total=972 us
161 17598 LOWBATT 58.32 7730 0 0 0 2 879966
162 17698 LOWBATT 58.46 7749 0 0 0 2 884966
163 17798 LOWBATT 58.61 7755 0 0 0 2 889966
164 17898 LOWBATT 58.75 7725 0 0 0 2 894966
165 17998 LOWBATT 58.89 7727 0 0 0 2 899966
166 18098 LOWBATT 59.02 7730 0 0 0 2 904966
167 18198 LOWBATT 59.16 7742 0 0 0 2 909966
168 18298 LOWBATT 59.30 7736 0 0 0 2 914966
169 18398 LOWBATT 59.44 7719 0 0 0 2 919966
170 18498 LOWBATT 59.57 7753 0 0 0 2 924966
#STAGE 17 18546: i2c=492 filter=456 ctrl=8 total=956 us
171 18598 LOWBATT 59.70 7758 0 0 0 2 929966
172 18698 LOWBATT 59.83 7736 0 0 0 2 934966
173 18798 LOWBATT 59.96 7749 0 0 0 2 939966
174 18898 LOWBATT 60.09 7767 0 0 0 2 944966
175 18998 LOWBATT 60.22 7739 0 0 0 2 949967
176 19098 LOWBATT 60.34 7742 0 0 0 2 954966
177 19198 LOWBATT 60.47 7748 0 0 0 2 959966
178 19298 LOWBATT 60.59 7733 0 0 0 2 964966
179 19398 LOWBATT 60.71 7755 0 0 0 2 969966
180 19498 LOWBATT 60.83 7727 0 0 0 2 974966
#STAGE 18 19546: i2c=492 filter=464 ctrl=20 total=976 us
181 19598 LOWBATT 60.95 7720 0 0 0 2 979967
182 19698 LOWBATT 61.07 7727 0 0 0 2 984966
183 19798 LOWBATT 61.19 7736 0 0 0 2 989966
184 19898 LOWBATT 61.31 7767 0 0 0 2 994966
185 19998 LOWBATT 61.42 7750 0 0 0 2 999967
186 20098 LOWBATT 61.54 7732 0 0 0 2 1004966
187 20198 LOWBATT 61.65 7727 0 0 0 2 1009966
188 20298 LOWBATT 61.76 7720 0 0 0 2 1014966
189 20398 LOWBATT 61.87 7732 0 0 0 2 1019966
190 20498 LOWBATT 61.98 7743 0 0 0 2 1024965
#STAGE 19 20546: i2c=488 filter=472 ctrl=20 total=980 us
191 20598 LOWBATT 62.09 7727 0 0 0 2 1029967
192 20698 LOWBATT 62.20 7732 0 0 0 2 1034966
193 20798 LOWBATT 62.30 7754 0 0 0 2 1039966
194 20898 LOWBATT 62.41 7757 0 0 0 2 1044966
195 20998 LOWBATT 62.51 7739 0 0 0 2 1049966
196 21098 LOWBATT 62.62 7747 0 0 0 2 1054966
197 21198 LOWBATT 62.72 7755 0 0 0 2 1059966
198 21298 LOWBATT 62.82 7739 0 0 0 2 1064966
199 21398 LOWBATT 62.92 7752 0 0 0 2 1069966
200 21498 LOWBATT 63.02 7747 0 0 0 2 1074966
#STAGE 20 21546: i2c=492 filter=468 ctrl=16 total=976 us
201 21598 LOWBATT 63.12 7767 0 0 0 2 1079967
202 21698 LOWBATT 63.22 7755 0 0 0 2 1084966
203 21798 LOWBATT 63.31 7743 0 0 0 2 1089966
204 21898 LOWBATT 63.41 7757 0 0 0 2 1094966
205 21998 LOWBATT 63.50 7735 0 0 0 2 1099966
206 22098 LOWBATT 63.59 7732 0 0 0 2 1104966
207 22198 LOWBATT 63.68 7716 0 0 0 2 1109966
208 22298 LOWBATT 63.77 7762 0 0 0 2 1114966
209 22398 LOWBATT 63.86 7730 0 0 0 2 1119966
210 22498 LOWBATT 63.95 7736 0 0 0 2 1124966
#STAGE 21 22546: i2c=488 filter=472 ctrl=20 total=980 us
211 22598 LOWBATT 64.04 7750 0 0 0 2 1129967
212 22698 LOWBATT 64.12 7713 0 0 0 2 1134966
213 22798 LOWBATT 64.21 7719 0 0 0 2 1139966
214 22898 LOWBATT 64.29 7729 0 0 0 2 1144966
215 22998 LOWBATT 64.38 7728 0 0 0 2 1149966
216 23098 LOWBATT 64.46 7746 0 0 0 2 1154966
217 23198 LOWBATT 64.55 7740 0 0 0 2 1159966
218 23298 LOWBATT 64.63 7769 0 0 0 2 1164966
219 23398 LOWBATT 64.71 7767 0 0 0 2 1169966
220 23498 LOWBATT 64.79 7750 0 0 0 2 1174966
#STAGE 22 23546: i2c=496 filter=456 ctrl=8 total=960 us
221 23598 LOWBATT 64.88 7742 0 0 0 2 1179966
222 23698 LOWBATT 64.95 7748 0 0 0 2 1184966
223 23798 LOWBATT 65.03 7724 0 0 0 2 1189966
224 23898 LOWBATT 65.11 7727 0 0 0 2 1194966
225 23998 LOWBATT 65.19 7742 0 0 0 2 1199966
226 24098 LOWBATT 65.26 7752 0 0 0 2 1204966
227 24198 LOWBATT 65.34 7728 0 0 0 2 1209966
228 24298 LOWBATT 65.41 7755 0 0 0 2 1214966
229 24398 LOWBATT 65.48 7755 0 0 0 2 1219967
230 24498 LOWBATT 65.56 7737 0 0 0 2 1224965
#STAGE 23 24546: i2c=488 filter=472 ctrl=20 total=980 us
231 24598 LOWBATT 65.63 7741 0 0 0 2 1229967
232 24698 LOWBATT 65.70 7755 0 0 0 2 1234966
233 24798 LOWBATT 65.77 7758 0 0 0 2 1239965
234 24898 LOWBATT 65.84 7726 0 0 0 2 1244965
235 24998 LOWBATT 65.91 7764 0 0 0 2 1249966
236 25098 LOWBATT 65.98 7745 0 0 0 2 1254965
237 25198 LOWBATT 66.05 7752 0 0 0 2 1259966
238 25298 LOWBATT 66.12 7756 0 0 0 2 1264966
239 25398 LOWBATT 66.19 7752 0 0 0 2 1269966
240 25498 LOWBATT 66.26 7729 0 0 0 2 1274966
#STAGE 24 25546: i2c=496 filter=464 ctrl=16 total=976 us
241 25598 LOWBATT 66.32 7752 0 0 0 2 1279967
242 25698 LOWBATT 66.39 7725 0 0 0 2 1284966
243 25798 LOWBATT 66.45 7779 0 0 0 2 1289966
244 25898 LOWBATT 66.52 7749 0 0 0 2 1294966
245 25998 LOWBATT 66.58 7733 0 0 0 2 1299966
246 26098 LOWBATT 66.65 7761 0 0 0 2 1304966
247 26198 LOWBATT 66.71 7751 0 0 0 2 1309967
248 26298 LOWBATT 66.78 7751 0 0 0 2 1314967
249 26398 LOWBATT 66.84 7747 0 0 0 2 1319966
250 26498 LOWBATT 66.90 7739 0 0 0 2 1324966
#STAGE 25 26546: i2c=496 filter=460 ctrl=8 total=964 us
251 26598 LOWBATT 66.95 7762 0 0 0 2 1329967
252 26698 LOWBATT 67.01 7756 0 0 0 2 1334966
253 26798 LOWBATT 67.07 7740 0 0 0 2 1339966
254 26898 LOWBATT 67.13 7707 0 0 0 2 1344966
255 26998 LOWBATT 67.19 7742 0 0 0 2 1349966
256 27098 LOWBATT 67.24 7748 0 0 0 2 1354966
257 27198 LOWBATT 67.30 7742 0 0 0 2 1359966
258 27298 LOWBATT 67.36 7756 0 0 0 2 1364966
259 27398 LOWBATT 67.41 7748 0 0 0 2 1369966
260 27498 LOWBATT 67.47 7766 0 0 0 2 1374966
#STAGE 26 27546: i2c=488 filter=472 ctrl=20 total=980 us
261 27598 LOWBATT 67.52 7723 0 0 0 2 1379967
262 27698 LOWBATT 67.58 7731 0 0 0 2 1384966
263 27798 LOWBATT 67.63 7748 0 0 0 2 1389966
264 27898 LOWBATT 67.69 7750 0 0 0 2 1394966
265 27998 LOWBATT 67.74 7738 0 0 0 2 1399966
266 28098 LOWBATT 67.79 7774 0 0 0 2 1404966
267 28198 LOWBATT 67.84 7739 0 0 0 2 1409966
268 28298 LOWBATT 67.89 7751 0 0 0 2 1414966
269 28398 LOWBATT 67.94 7756 0 0 0 2 1419966
270 28498 LOWBATT 67.99 7762 0 0 0 2 1424967
#STAGE 27 28546: i2c=492 filter=464 ctrl=16 total=972 us
271 28598 LOWBATT 68.04 7750 0 0 0 2 1429967
272 28698 LOWBATT 68.09 7744 0 0 0 2 1434966
273 28798 LOWBATT 68.13 7743 0 0 0 2 1439966
274 28898 LOWBATT 68.18 7738 0 0 0 2 1444966
275 28998 LOWBATT 68.22 7744 0 0 0 2 1449966
276 29098 LOWBATT 68.27 7751 0 0 0 2 1454966
277 29198 LOWBATT 68.32 7747 0 0 0 2 1459966
278 29298 LOWBATT 68.36 7765 0 0 0 2 1464966
279 29398 LOWBATT 68.41 7740 0 0 0 2 1469966
280 29498 LOWBATT 68.45 7738 0 0 0 2 1474966
#STAGE 28 29546: i2c=496 filter=468 ctrl=16 total=980 us
281 29598 LOWBATT 68.49 7751 0 0 0 2 1479967
282 29698 LOWBATT 68.54 7734 0 0 0 2 1484966
283 29798 LOWBATT 68.58 7747 0 0 0 2 1489966
284 29898 LOWBATT 68.62 7746 0 0 0 2 1494966
285 29998 LOWBATT 68.66 7754 0 0 0 2 1499966
286 30098 LOWBATT 68.71 7752 0 0 0 2 1504966
287 30198 LOWBATT 68.75 7731 0 0 0 2 1509966
288 30298 LOWBATT 68.79 7708 0 0 0 2 1514966
289 30398 LOWBATT 68.83 7728 0 0 0 2 1519965
290 30498 LOWBATT 68.87 7745 0 0 0 2 1524966
#STAGE 29 30546: i2c=488 filter=452 ctrl=16 total=956 us
291 30598 LOWBATT 68.91 7731 0 0 0 2 1529968
292 30698 LOWBATT 68.95 7747 0 0 0 2 1534966
293 30798 LOWBATT 68.98 7746 0 0 0 2 1539965
294 30898 LOWBATT 69.02 7773 0 0 0 2 1544966
295 30998 LOWBATT 69.06 7751 0 0 0 2 1549966
296 31098 LOWBATT 69.10 7728 0 0 0 2 1554966
297 31198 LOWBATT 69.14 7746 0 0 0 2 1559967
298 31298 LOWBATT 69.18 7764 0 0 0 2 1564967
299 31398 LOWBATT 69.21 7745 0 0 0 2 1569966
300 31498 LOWBATT 69.25 7743 0 0 0 2 1574966
#STAGE 30 31546: i2c=488 filter=452 ctrl=16 total=956 us
301 31598 LOWBATT 69.28 7743 0 0 0 2 1579967
302 31698 LOWBATT 69.32 7763 0 0 0 2 1584966
303 31798 LOWBATT 69.36 7734 0 0 0 2 1589966
304 31898 LOWBATT 69.39 7728 0 0 0 2 1594966
305 31998 LOWBATT 69.42 7732 0 0 0 2 1599966
306 32098 LOWBATT 69.46 7746 0 0 0 2 1604966
307 32198 LOWBATT 69.49 7747 0 0 0 2 1609967
308 32298 LOWBATT 69.53 7733 0 0 0 2 1614966
309 32398 LOWBATT 69.56 7750 0 0 0 2 1619966
310 32498 LOWBATT 69.59 7756 0 0 0 2 1624966
#STAGE 31 32546: i2c=488 filter=472 ctrl=20 total=980 us
311 32598 LOWBATT 69.63 7726 0 0 0 2 1629967
312 32698 LOWBATT 69.66 7760 0 0 0 2 1634966
313 32798 LOWBATT 69.69 7712 0 0 0 2 1639966
314 32898 LOWBATT 69.72 7736 0 0 0 2 1644966
315 32998 LOWBATT 69.75 7771 0 0 0 2 1649966
316 33098 LOWBATT 69.78 7749 0 0 0 2 1654966
317 33198 LOWBATT 69.81 7734 0 0 0 2 1659966
318 33298 LOWBATT 69.84 7770 0 0 0 2 1664966
319 33398 LOWBATT 69.88 7757 0 0 0 2 1669966
320 33498 LOWBATT 69.90 7717 0 0 0 2 1674966
#STAGE 32 33546: i2c=488 filter=472 ctrl=20 total=980 us
321 33598 LOWBATT 69.93 7708 0 0 0 2 1679967
322 33698 LOWBATT 69.96 7758 0 0 0 2 1684966
323 33798 LOWBATT 69.99 7728 0 0 0 2 1689966
324 33898 LOWBATT 70.02 7756 0 0 0 2 1694965
325 33998 LOWBATT 70.05 7758 0 0 0 2 1699966
326 34098 LOWBATT 70.08 7738 0 0 0 2 1704966
327 34198 LOWBATT 70.10 7730 0 0 0 2 1709966
328 34298 LOWBATT 70.13 7740 0 0 0 2 1714966
329 34398 LOWBATT 70.16 7751 0 0 0 2 1719966
330 34498 LOWBATT 70.18 7741 0 0 0 2 1724966
#STAGE 33 34546: i2c=488 filter=472 ctrl=20 total=980 us
331 34598 LOWBATT 70.21 7745 0 0 0 2 1729967
332 34698 LOWBATT 70.23 7752 0 0 0 2 1734966
333 34798 LOWBATT 70.26 7755 0 0 0 2 1739967
334 34898 LOWBATT 70.29 7751 0 0 0 2 1744967
335 34998 LOWBATT 70.32 7747 0 0 0 2 1749966
336 35098 LOWBATT 70.34 7751 0 0 0 2 1754966
337 35198 LOWBATT 70.37 7747 0 0 0 2 1759966
338 35298 LOWBATT 70.39 7729 0 0 0 2 1764966
339 35398 LOWBATT 70.42 7739 0 0 0 2 1769966
340 35498 LOWBATT 70.44 7736 0 0 0 2 1774966
#STAGE 34 35546: i2c=484 filter=468 ctrl=16 total=968 us
341 35598 LOWBATT 70.47 7738 0 0 0 2 1779966
342 35698 LOWBATT 70.49 7744 0 0 0 2 1784965
343 35798 LOWBATT 70.52 7752 0 0 0 2 1789966
344 35898 LOWBATT 70.54 7749 0 0 0 2 1794966
345 35998 LOWBATT 70.56 7737 0 0 0 2 1799966
346 36098 LOWBATT 70.58 7746 0 0 0 2 1804966
347 36198 LOWBATT 70.61 7748 0 0 0 2 1809966
348 36298 LOWBATT 70.63 7733 0 0 0 2 1814966
349 36398 LOWBATT 70.65 7742 0 0 0 2 1819966
350 36498 LOWBATT 70.67 7741 0 0 0 2 1824966
#STAGE 35 36546: i2c=496 filter=476 ctrl=8 total=980 us
351 36598 LOWBATT 70.70 7758 0 0 0 2 1829967
352 36698 LOWBATT 70.72 7731 0 0 0 2 1834966
353 36798 LOWBATT 70.74 7743 0 0 0 2 1839966
354 36898 LOWBATT 70.76 7741 0 0 0 2 1844966
355 36998 LOWBATT 70.78 7733 0 0 0 2 1849966
356 37098 LOWBATT 70.81 7703 0 0 0 2 1854966
357 37198 LOWBATT 70.83 7787 0 0 0 2 1859966
358 37298 LOWBATT 70.85 7731 0 0 0 2 1864965
359 37398 LOWBATT 70.87 7749 0 0 0 2 1869966
360 37498 LOWBATT 70.89 7738 0 0 0 2 1874966
#STAGE 36 37546: i2c=488 filter=476 ctrl=20 total=984 us
361 37598 LOWBATT 70.91 7750 0 0 0 2 1879967
362 37698 LOWBATT 70.93 7765 0 0 0 2 1884966
363 37798 LOWBATT 70.95 7769 0 0 0 2 1889966
364 37898 LOWBATT 70.97 7760 0 0 0 2 1894966
365 37998 LOWBATT 70.99 7727 0 0 0 2 1899965
366 38098 LOWBATT 71.01 7746 0 0 0 2 1904966
367 38198 LOWBATT 71.04 7759 0 0 0 2 1909966
368 38298 LOWBATT 71.05 7739 0 0 0 2 1914966
369 38398 LOWBATT 71.07 7757 0 0 0 2 1919966
370 38498 LOWBATT 71.09 7748 0 0